1
1
1
2
3
4
4
5
5
9
10
10
10
10
11
11
12
12
13
14
16
17
18
19
20
20
20
21
22
24
26
27
28
29
31
34
35
35
38
38
39
39
40
40
43
44
44
47
48
48
48
49
49
49
50
51
53
53
55
56
58
60
62
63
63
64
64
66
66
67
69
70
71
71
73
75
76
77
78
79
83
83
84
84
84
85
85
85
88
88
90
90
91
92
93
95
98
99
100
100
101
102
102
103
103
104
106
108
109
109
110
111
112
114
115
115
115
116
116
118
118
119
119
119
121
123
123
128
132
132
134
136
137
138
138
138
139
139
140
142
143
144
144
145
147
148
148
149
149
150
151
152
154
155
156
158
159
164
164
168
168
169
171
174
175
176
178
178
178
180
185
186
187
187
187
190
192
192
192
193
194
194
195
196
198
198
199
201
201
201
202
204
204
205
206
206
206
206
207
207
208
209
209
210
210
211
212
212
213
213
214
214
215
215
216
217
217
218
219
220
221
222
222
222
223
225
227
228
230
230
231
231
233
234
234
234
239
243
243
246
248
249
249
250
250
250
250
252
253
253
255
257
258
259
259
262
269
270
271
272
273
274
276
277
277
277
277
278
279
283
283
284
287
287
288
289
293
295
295
296
296
297
298
299
299
300
301
302
303
304
306
307
309
311
311
311
312
312
314
314
316
317
318
318
318
319
319
320
322
324
325
325
325
326
328
328
328
330
330
330
332
333
333
333
336
336
337
337
337
338
338
339
340
343
344
344
346
346
346
349
350
351
351
351
352
353
355
356
356
356
356
359
360
361
361
362
363
367
369
369
370
372
373
373
375
376
376
377
377
378
379
380
381
383
384
385
385
387
388
388
389
389
390
390
391
396
401
402
402
402
404
404
406
407
407
408
410
413
414
415
415
416
418
420
421
423
423
424
424
424
424
425
425
426
426
429
430
430
432
434
437
438
438
439
441
443
444
446
447
450
451
452
453
453
454
454
457
457
459
459
460
460
461
461
462
462
463
464
465
466
466
467
467
469
469
470
472
475
475
476
476
478
478
479
481
483
487
488
489
493
495
495
495
497
498
498
503
503
505
505
505
507
507
507
509
509
509
509
509
512
512
514
516
516
519
519
519
521
521
524
524
524
525
526
526
526
532
533
534
534
535
535
535
535
536
536
538
539
539
539
540
541
543
543
543
543
544
545
545
545
546
547
548
550
551
551
552
552
553
553
554
555
555
556
556
557
559
559
560
562
562
563
563
564
565
567
568
568
570
572
572
573
573
573
574
575
576
576
576
577
581
581
582
585
587
589
591
593
595
597
597
597
597
598
598
599
600
601
602
602
604
606
606
607
607
608
608
608
609
612
613
614
615
620
621
623
624
625
625
626
627
628
628
630
630
631
632
634
634
635
636
637
638
638
638
639
640
642
643
643
643
644
645
647
648
649
649
651
652
652
654
654
655
656
656
658
660
660
660
661
662
662
662
662
662
664
664
665
665
667
667
670
670
671
671
671
672
672
677
678
678
679
681
681
682
685
685
686
686
687
687
687
689
692
696
697
697
697
701
702
702
703
703
705
709
709
709
709
710
711
714
714
715
715
717
717
718
718
719
720
721
721
723
725
727
729
730
732
734
738
739
739
739
743
743
744
744
745
747
748
750
751
751
751
752
752
754
755
755
755
757
759
759
762
762
763
765
767
767
769
769
770
772
772
772
772
773
773
775
775
778
778
784
788
788
789
790
791
792
792
793
795
795
795
796
797
798
799
799
800
802
802
803
805
805
807
808
808
808
809
812
812
815
816
816
817
818
819
821
823
826
826
827
827
829
830
833
834
835
835
835
836
837
837
838
838
838
839
840
840
841
841
841
841
841
842
843
844
844
844
847
848
850
851
852
853
854
855
855
856
857
858
859
860
860
861
862
864
864
864
865
869
869
870
871
871
871
872
873
873
875
876
877
878
879
882
883
884
884
886
887
887
890
891
892
892
892
894
896
896
899
901
901
902
903
905
906
907
907
908
910
910
910
915
916
916
916
917
917
920
920
922
923
924
925
927
928
928
929
930
931
931
934
935
935
935
936
937
939
940
942
943
943
946
947
947
948
949
950
951
951
953
954
954
957
958
958
959
959
961
963
963
964
965
967
968
969
969
969
972
972
972
974
974
975
976
978
979
981
982
982
985
985
985
986
987
988
988
993
996
998
999
999
999
1000
1000
1004
1004
1004
1006
1006
1006
1007
1007
1008
1008
1009
1011
1013
1017
1018
1019
1021
1021
1022
1025
1025
1027
1029
1030
1030
1033
1034
1034
1036
1037
1038
1038
1039
1041
1043
1043
1043
1044
1044
1044
1046
1047
1047
1049
1051
1052
1053
1053
1055
1056
1058
1060
1061
1062
1062
1062
1062
1063
1064
1065
1065
1066
1066
1067
1067
1070
1070
1072
1074
1075
1075
1077
1078
1079
1079
1080
1085
1085
1085
1087
1087
1089
1089
1090
1090
1090
1092
1093
1095
1095
1096
1096
1099
1100
1101
1102
1102
1103
1103
1104
1106
1107
1108
1109
1109
1109
1110
1114
1114
1115
1115
1116
1116
1117
1117
1117
1119
1123
1124
1125
1125
1126
1127
1128
1128
1128
1129
1129
1132
1133
1134
1135
1137
1137
1138
1140
1141
1142
1142
1144
1144
1146
1147
1148
1148
1151
1155
1156
1157
1158
1159
1160
1161
1162
1162
1163
1164
1164
1164
1165
1168
1169
1170
1173
1175
1177
1179
1181
1181
1182
1182
1185
1185
1185
1186
1187
1188
1188
1190
1190
1196
1196
1197
1198
1201
1203
1203
1204
1205
1206
1206
1207
1211
1211
1212
1214
1215
1215
1215
1215
1215
1216
1216
1218
1218
1220
1220
1220
1222
1222
1223
1225
1226
1229
1230
1230
1231
1231
1231
1234
1236
1237
1240
1240
1241
1241
1242
1244
1245
1246
1247
1250
1250
1251
1251
1252
1252
1253
1254
1254
1254
1255
1255
1256
1260
1262
1262
1263
1266
1267
1268
1274
1275
1275
1277
1278
1279
1282
1283
1284
1286
1286
1286
1287
1287
1288
1288
1289
1294
1296
1297
1298
1299
1301
1304
1306
1307
1307
1308
1309
1309
1309
1311
1312
1313
1313
1313
1315
1315
1316
1319
1321
1321
1321
1321
1325
1325
1327
1327
1328
1328
1328
1331
1332
1332
1332
1335
1336
1337
1338
1342
1342
1343
1344
1344
1344
1345
1345
1346
1347
1347
1350
1352
1352
1354
1356
1357
1358
1360
1360
1360
1360
1361
1363
1364
1364
1367
1369
1369
1370
1370
1371
1371
1373
1374
1375
1375
1376
1378
1378
1380
1380
1381
1384
1384
1386
1386
1387
1388
1390
1390
1390
1392
1395
1395
1396
1399
1399
1400
1401
1401
1401
1402
1402
1406
1406
1407
1410
1410
1410
1411
1411
1412
1413
1414
1414
1415
1416
1417
1417
1419
1419
1420
1420
1421
1421
1422
1423
1424
1426
1427
1429
1429
1434
1434
1437
1438
1438
1440
1441
1442
1444
1447
1448
1450
1450
1451
1453
1454
1456
1456
1457
1459
1459
1460
1462
1462
1463
1465
1465
1465
1467
1468
1469
1470
1470
1471
1471
1472
1473
1474
1476
1476
1477
1478
1479
1479
1480
1481
1482
1483
1483
1484
1485
1486
1487
1488
1489
1489
1490
1491
1493
1495
1495
1496
1499
1500
1504
1505
1507
1507
1508
1508
1509
1511
1511
1512
1512
1513
1513
1514
1514
1515
1515
1516
1517
1518
1518
1518
1518
1519
1522
1522
1522
1522
1522
1523
1525
1526
1526
1528
1530
1530
1533
1533
1534
1534
1534
1535
1535
1535
1537
1538
1541
1541
1541
1541
1541
1542
1542
1542
1542
1543
1546
1547
1549
1549
1549
1550
1550
1550
1550
1551
1552
1554
1554
1555
1555
1556
1556
1557
1558
1558
1559
1560
1560
1560
1561
1563
1563
1564
1565
1567
1569
1571
1572
1572
1574
1574
1574
1576
1577
1578
1578
1578
1579
1583
1585
1585
1585
1586
1587
1588
1588
1588
1588
1589
1591
1593
1593
1594
1594
1594
1596
1597
1599
1600
1600
1601
1603
1603
1603
1604
1604
1604
1605
1606
1607
1607
1607
1608
1611
1612
1614
1615
1616
1618
1618
1618
1619
1619
1620
1624
1625
1626
1626
1626
1627
1628
1629
1630
1630
1632
1633
1634
1635
1639
1640
1640
1641
1641
1643
1643
1645
1645
1645
1645
1645
1647
1648
1648
1650
1651
1651
1651
1652
1653
1653
1654
1656
1659
1659
1660
1660
1661
1663
1664
1665
1667
1667
1668
1669
1671
1671
1671
1673
1675
1675
1675
1676
1677
1678
1680
1680
1682
1683
1685
1685
1685
1686
1687
1689
1691
1691
1691
1692
1692
1693
1694
1694
1695
1696
1696
1698
1700
1701
1702
1705
1706
1707
1708
1709
1710
1713
1714
1714
1717
1719
1721
1722
1722
1723
1725
1726
1727
1727
1727
1728
1729
1731
1732
1733
1733
1736
1736
1736
1738
1743
1743
1744
1745
1745
1748
1748
1749
1751
1753
1754
1754
1756
1757
1757
1758
1759
1759
1762
1762
1763
1764
1766
1768
1768
1770
1771
1772
1772
1774
1776
1777
1778
1781
1782
1783
1784
1785
1786
1786
1787
1788
1789
1790
1793
1793
1793
1794
1794
1794
1795
1797
1797
1798
1799
1800
1800
1801
1802
1802
1802
1803
1804
1804
1806
1806
1807
1807
1808
1808
1808
1808
1809
1809
1810
1810
1812
1812
1813
1814
1814
1817
1818
1819
1819
1825
1826
1827
1828
1828
1828
1831
1832
1832
1833
1834
1834
1835
1836
1836
1836
1839
1839
1843
1846
1846
1847
1847
1849
1852
1852
1853
1853
1853
1854
1854
1855
1856
1857
1859
1861
1862
1862
1862
1865
1866
1866
1866
1867
1868
1869
1869
1870
1870
1871
1871
1872
1872
1873
1874
1877
1877
1880
1880
1880
1881
1882
1884
1884
1886
1887
1887
1887
1888
1890
1891
1892
1894
1895
1898
1899
1900
1903
1905
1907
1909
1910
1910
1911
1913
1913
1913
1914
1915
1915
1916
1916
1917
1918
1918
1918
1918
1918
1919
1922
1925
1925
1926
1927
1927
1928
1929
1930
1931
1934
1935
1935
1937
1938
1940
1940
1941
1942
1943
1943
1944
1946
1946
1948
1949
1949
1950
1951
1953
1953
1953
1954
1958
1958
1958
1959
1959
1960
1961
1962
1963
1963
1963
1964
1964
1964
1964
1965
1966
1966
1966
1966
1968
1968
1968
1969
1970
1972
1973
1973
1975
1975
1975
1976
1977
1978
1978
1979
1980
1982
1983
1985
1986
1986
1987
1991
1991
1993
1993
1994
1995
1995
1996
1997
1999
2000
2001
2001
2003
2004
2004
2005
2005
2005
2007
2007
2009
2010
2011
2011
2012
2013
2013
2014
2014
2015
2017
2017
2018
2020
2021
2023
2023
2023
2024
2026
2028
2030
2030
2033
2034
2035
2035
2036
2037
2038
2040
2040
2041
2041
2041
2041
2041
2042
2043
2044
2044
2046
2048
2049
2049
2049
2050
2050
2050
2052
2054
2056
2061
2061
2062
2062
2062
2062
2062
2063
2063
2065
2067
2067
2068
2071
2072
2073
2074
2074
2076
2078
2079
2080
2081
2081
2082
2082
2086
2087
2087
2088
2091
2092
2093
2093
2094
2095
2095
2096
2097
2099
2101
2102
2104
2106
2108
2109
2110
2113
2116
2116
2117
2119
2121
2121
2122
2122
2123
2124
2124
2125
2127
2127
2129
2130
2131
2131
2132
2134
2135
2135
2136
2136
2137
2137
2138
2140
2140
2143
2145
2145
2146
2147
2149
2151
2151
2151
2151
2152
2153
2153
2155
2156
2158
2158
2158
2159
2159
2159
2159
2161
2162
2162
2166
2166
2166
2166
2168
2168
2169
2169
2169
2171
2171
2172
2173
2173
2174
2174
2174
2175
2176
2177
2177
2178
2178
2179
2181
2183
2183
2183
2187
2191
2191
2192
2193
2193
2193
2194
2196
2196
2196
2199
2199
2200
2200
2201
2203
2204
2206
2206
2208
2210
2211
2211
2211
2211
2212
2215
2217
2217
2218
2218
2220
2220
2221
2223
2224
2226
2226
2227
2227
2230
2230
2230
2231
2231
2232
2233
2234
2234
2235
2236
2236
2236
2237
2238
2239
2240
2241
2241
2241
2241
2241
2242
2243
2243
2244
2246
2248
2249
2251
2253
2258
2259
2259
2259
2260
2262
2264
2265
2265
2266
2268
2268
2268
2268
2269
2270
2270
2272
2274
2275
2277
2277
2278
2278
2278
2279
2280
2281
2285
2286
2287
2288
2289
2289
2291
2291
2291
2292
2292
2295
2296
2296
2297
2297
2297
2298
2305
2305
2306
2307
2307
2308
2309
2309
2310
2311
2314
2315
2318
2319
2319
2319
2319
2320
2322
2323
2324
2324
2324
2324
2324
2325
2325
2325
2326
2327
2329
2330
2331
2331
2331
2332
2334
2334
2334
2335
2335
2335
2335
2335
2335
2335
2336
2337
2338
2338
2343
2343
2344
2344
2345
2345
2345
2347
2349
2350
2350
2350
2351
2352
2352
2355
2357
2357
2359
2360
2361
2361
2362
2365
2365
2366
2367
2367
2368
2368
2369
2369
2369
2370
2372
2373
2373
2375
2376
2376
2378
2382
2383
2385
2385
2385
2386
2388
2389
2389
2393
2393
2394
2394
2395
2395
2396
2398
2398
2399
2400
2400
2403
2404
2405
2406
2406
2409
2411
2411
2411
2412
2413
2415
2415
2415
2415
2416
2416
2418
2419
2421
2421
2422
2423
2425
2430
2431
2431
2431
2431
2432
2432
2432
2432
2434
2436
2437
2437
2438
2440
2440
2441
2442
2443
2443
2443
2443
2446
2446
2450
2450
2451
2451
2451
2451
2453
2456
2457
2458
2458
2460
2461
2461
2461
2462
2462
2462
2462
2464
2466
2469
2469
2469
2470
2470
2471
2472
2473
2473
2474
2475
2475
2480
2482
2483
2484
2484
2486
2486
2487
2487
2487
2487
2487
2488
2489
2489
2489
2489
2491
2492
2494
2494
2497
2498
2499
2500
2500
2502
2502
2502
2508
2510
2511
2512
2512
2513
2513
2514
2516
2518
2518
2518
2519
2519
2519
2520
2521
2521
2523
2524
2525
2525
2526
2527
2527
2527
2528
2529
2529
2530
2532
2533
2533
2534
2536
2538
2538
2541
2543
2544
2545
2546
2546
2546
2546
2547
2547
2547
2550
2552
2555
2556
2557
2558
2558
2559
2559
2562
2566
2567
2567
2567
2570
2571
2572
2572
2572
2573
2573
2574
2574
2574
2576
2576
2580
2581
2582
2584
2586
2587
2588
2588
2588
2588
2599
2599
2600
2603
2604
2604
2606
2607
2607
2608
2609
2609
2610
2610
2611
2611
2612
2613
2615
2617
2618
2618
2619
2619
2621
2621
2622
2625
2627
2627
2629
2632
2632
2632
2633
2633
2634
2634
2635
2635
2638
2639
2639
2643
2643
2646
2646
2647
2647
2648
2649
2650
2650
2651
2654
2655
2655
2658
2659
2659
2661
2662
2663
2665
2666
2666
2667
2668
2668
2669
2672
2672
2672
2672
2673
2674
2676
2678
2678
2681
2681
2681
2682
2683
2683
2684
2685
2685
2685
2686
2686
2691
2691
2693
2693
2693
2694
2694
2695
2697
2698
2699
2699
2700
2700
2702
2704
2705
2706
2709
2711
2711
2715
2716
2718
2720
2721
2722
2723
2724
2725
2727
2729
2729
2729
2730
2734
2737
2740
2741
2742
2742
2742
2742
2744
2744
2745
2746
2747
2749
2752
2754
2757
2757
2757
2758
2759
2759
2760
2762
2762
2762
2764
2766
2766
2766
2771
2771
2771
2772
2775
2775
2777
2778
2778
2779
2780
2783
2786
2787
2789
2789
2792
2793
2793
2794
2795
2795
2798
2799
2800
2800
2802
2802
2802
2804
2806
2807
2808
2809
2809
2811
2814
2814
2815
2816
2817
2818
2819
2819
2820
2822
2822
2823
2823
2823
2824
2826
2826
2826
2827
2828
2829
2830
2831
2832
2833
2833
2834
2837
2839
2839
2839
2839
2843
2844
2844
2846
2846
2847
2849
2849
2849
2849
2850
2851
2851
2852
2855
2855
2856
2856
2857
2857
2858
2858
2859
2860
2860
2861
2862
2862
2863
2864
2869
2873
2873
2873
2874
2874
2875
2875
2875
2877
2878
2878
2878
2878
2879
2880
2881
2883
2883
2883
2883
2883
2884
2884
2885
2885
2885
2887
2887
2888
2889
2890
2892
2892
2892
2893
2895
2895
2896
2896
2898
2900
2900
2900
2902
2903
2904
2905
2905
2906
2909
2909
2910
2910
2911
2911
2915
2916
2917
2918
2920
2920
2922
2922
2923
2923
2923
2923
2924
2926
2927
2933
2933
2934
2935
2936
2937
2937
2937
2938
2938
2939
2940
2940
2941
2944
2944
2944
2945
2945
2946
2948
2948
2949
2950
2951
2952
2953
2954
2955
2955
2955
2956
2957
2957
2957
2957
2958
2959
2963
2963
2964
2964
2965
2967
2968
2969
2969
2971
2974
2974
2977
2978
2979
2979
2980
2984
2984
2986
2987
2987
2988
2989
2989
2989
2991
2992
2992
2992
2993
2994
2994
2995
2996
2997
2997
2998
2998
2998
2998
2999
3000
3000
3000
3003
3005
3005
3006
3007
3007
3008
3009
3009
3011
3012
3012
3014
3014
3015
3017
3020
3021
3022
3023
3023
3024
3024
3025
3025
3025
3029
3030
3030
3033
3033
3033
3035
3035
3036
3039
3039
3041
3042
3043
3044
3045
3046
3046
3048
3049
3049
3049
3049
3049
3050
3052
3052
3052
3053
3054
3057
3058
3058
3058
3058
3061
3061
3062
3064
3064
3065
3065
3066
3066
3067
3069
3074
3074
3075
3077
3078
3079
3080
3081
3083
3083
3083
3085
3086
3086
3087
3088
3088
3089
3093
3095
3095
3095
3096
3096
3097
3097
3097
3098
3098
3099
3100
3101
3102
3102
3103
3103
3106
3107
3108
3109
3110
3110
3111
3112
3113
3114
3114
3115
3115
3115
3116
3117
3118
3118
3120
3122
3122
3122
3124
3127
3130
3133
3133
3133
3134
3136
3137
3138
3138
3138
3138
3138
3139
3141
3141
3141
3142
3142
3142
3142
3143
3143
3145
3145
3147
3148
3148
3149
3149
3150
3150
3151
3152
3152
3153
3154
3154
3158
3158
3159
3159
3163
3163
3166
3166
3166
3169
3169
3169
3170
3173
3175
3176
3177
3178
3180
3180
3180
3183
3185
3185
3186
3187
3187
3188
3190
3194
3196
3199
3199
3201
3201
3202
3202
3203
3204
3205
3205
3206
3206
3207
3207
3209
3209
3210
3211
3211
3212
3215
3218
3218
3220
3221
3222
3223
3223
3226
3226
3227
3229
3229
3231
3232
3232
3234
3234
3234
3236
3237
3237
3238
3238
3239
3240
3240
3241
3242
3243
3243
3244
3245
3245
3246
3249
3250
3250
3251
3255
3255
3256
3260
3261
3261
3262
3263
3263
3264
3264
3265
3265
3265
3265
3265
3267
3267
3272
3274
3274
3274
3276
3277
3277
3283
3283
3284
3285
3286
3287
3287
3287
3288
3289
3290
3290
3291
3292
3292
3292
3292
3292
3293
3294
3294
3297
3297
3300
3300
3303
3303
3303
3305
3306
3306
3306
3307
3308
3308
3308
3308
3309
3311
3311
3312
3312
3312
3313
3314
3317
3317
3319
3321
3324
3324
3327
3328
3328
3329
3329
3329
3331
3331
3333
3335
3335
3335
3336
3336
3337
3340
3340
3341
3341
3342
3343
3343
3344
3344
3346
3347
3347
3347
3349
3350
3350
3351
3351
3354
3354
3355
3358
3358
3360
3362
3365
3366
3368
3369
3369
3370
3371
3371
3375
3375
3376
3377
3377
3380
3382
3382
3384
3385
3386
3388
3390
3391
3391
3394
3395
3396
3397
3397
3399
3399
3399
3402
3403
3403
3405
3407
3408
3409
3410
3412
3412
3413
3413
3413
3416
3418
3418
3419
3420
3420
3422
3423
3423
3425
3426
3426
3427
3429
3429
3431
3431
3431
3432
3433
3433
3433
3434
3434
3436
3436
3438
3439
3439
3440
3444
3444
3446
3447
3447
3447
3448
3449
3449
3449
3450
3450
3450
3450
3451
3453
3454
3455
3456
3457
3458
3459
3460
3460
3461
3461
3462
3464
3464
3466
3467
3468
3469
3469
3470
3471
3472
3473
3475
3476
3476
3479
3480
3481
3482
3483
3483
3485
3486
3487
3488
3488
3490
3491
3492
3492
3493
3497
3502
3503
3504
3505
3505
3508
3509
3509
3510
3510
3511
3514
3514
3515
3516
3516
3516
3517
3518
3520
3520
3520
3520
3522
3523
3523
3524
3525
3529
3529
3530
3534
3537
3538
3539
3540
3540
3542
3542
3542
3544
3544
3545
3546
3546
3547
3547
3548
3548
3550
3553
3553
3554
3555
3555
3555
3557
3558
3558
3561
3562
3562
3563
3564
3565
3565
3566
3567
3567
3567
3568
3571
3571
3573
3575
3575
3575
3577
3577
3579
3580
3582
3583
3584
3586
3587
3589
3589
3589
3590
3592
3593
3593
3594
3594
3594
3595
3596
3596
3597
3597
3599
3600
3600
3602
3603
3605
3605
3605
3605
3608
3609
3610
3612
3614
3615
3615
3615
3616
3617
3618
3619
3620
3620
3621
3621
3622
3622
3623
3625
3625
3626
3626
3626
3629
3629
3629
3632
3632
3633
3634
3635
3635
3636
3636
3637
3640
3641
3641
3642
3646
3647
3647
3647
3648
3648
3648
3650
3650
3654
3656
3657
3657
3658
3658
3658
3658
3659
3662
3663
3664
3664
3667
3669
3671
3671
3671
3672
3673
3673
3673
3675
3675
3676
3678
3679
3679
3681
3684
3685
3687
3688
3689
3690
3691
3692
3693
3693
3695
3696
3696
3697
3698
3700
3701
3702
3702
3704
3706
3707
3708
3709
3709
3712
3714
3717
3718
3718
3719
3720
3723
3725
3725
3727
3727
3728
3732
3734
3735
3737
3737
3737
3739
3739
3741
3742
3743
3744
3744
3745
3745
3746
3750
3750
3750
3750
3752
3752
3754
3755
3756
3756
3757
3757
3757
3758
3759
3759
3760
3762
3762
3767
3768
3771
3772
3773
3774
3776
3776
3776
3777
3777
3778
3782
3784
3785
3785
3786
3786
3787
3791
3791
3791
3793
3795
3796
3797
3797
3797
3798
3798
3799
3800
3801
3802
3803
3803
3804
3808
3810
3811
3812
3814
3814
3816
3816
3816
3816
3817
3818
3818
3820
3821
3821
3824
3826
3827
3827
3828
3829
3829
3831
3832
3832
3834
3834
3834
3834
3836
3836
3837
3838
3838
3839
3840
3841
3841
3843
3844
3848
3848
3852
3853
3856
3857
3858
3858
3858
3863
3864
3866
3867
3868
3869
3870
3871
3871
3872
3873
3873
3877
3878
3878
3879
3879
3880
3880
3881
3881
3882
3882
3884
3886
3886
3887
3888
3889
3890
3890
3890
3891
3892
3892
3892
3894
3895
3898
3899
3899
3899
3900
3900
3901
3901
3906
3906
3909
3909
3913
3914
3918
3918
3919
3919
3920
3920
3922
3923
3924
3928
3929
3929
3930
3931
3931
3931
3933
3934
3935
3936
3937
3938
3939
3940
3940
3943
3945
3946
3950
3952
3954
3955
3957
3959
3959
3962
3962
3964
3966
3967
3968
3968
3969
3970
3970
3973
3974
3975
3976
3978
3979
3980
3981
3981
3982
3982
3983
3984
3985
3986
3987
3988
3990
3991
3991
3993
3994
3995
3996
3997
3998
3998
3999
4000
4001
4003
4004
4007
4008
4009
4009
4010
4010
4010
4011
4011
4012
4012
4015
4017
4018
4020
4020
4020
4021
4022
4024
4027
4029
4030
4031
4031
4033
4034
4036
4038
4039
4040
4042
4044
4045
4053
4054
4054
4054
4055
4056
4057
4058
4058
4059
4059
4062
4062
4062
4062
4063
4067
4068
4068
4068
4068
4069
4071
4072
4073
4073
4075
4076
4076
4079
4079
4079
4080
4082
4083
4083
4083
4084
4086
4086
4089
4090
4090
4091
4093
4093
4096
4097
4102
4103
4108
4109
4110
4110
4111
4111
4112
4113
4113
4113
4114
4115
4115
4116
4118
4118
4118
4120
4121
4122
4124
4124
4126
4126
4127
4127
4130
4133
4133
4134
4135
4135
4136
4138
4138
4139
4142
4142
4142
4142
4144
4145
4146
4148
4148
4149
4149
4154
4155
4156
4156
4156
4156
4156
4157
4158
4160
4160
4162
4162
4163
4163
4164
4164
4165
4165
4165
4166
4166
4166
4166
4167
4169
4171
4176
4177
4177
4179
4180
4180
4182
4184
4184
4184
4185
4191
4195
4195
4196
4197
4198
4199
4200
4201
4207
4209
4211
4215
4216
4217
4218
4218
4218
4218
4219
4219
4220
4220
4223
4223
4224
4224
4225
4225
4225
4227
4228
4232
4233
4234
4234
4235
4235
4236
4238
4244
4245
4247
4247
4249
4250
4253
4254
4256
4258
4258
4259
4260
4260
4260
4261
4261
4261
4262
4262
4265
4265
4265
4266
4266
4266
4268
4269
4274
4275
4275
4277
4277
4278
4278
4278
4280
4282
4282
4284
4284
4284
4286
4286
4287
4287
4288
4289
4290
4291
4295
4299
4300
4303
4305
4306
4306
4307
4307
4308
4308
4309
4309
4310
4310
4311
4311
4311
4313
4314
4315
4316
4316
4317
4317
4319
4320
4321
4321
4321
4323
4324
4324
4325
4326
4327
4329
4331
4331
4332
4333
4336
4337
4338
4339
4339
4341
4341
4345
4346
4346
4347
4349
4350
4351
4353
4353
4356
4359
4362
4362
4362
4365
4365
4366
4366
4367
4368
4368
4368
4369
4369
4371
4372
4372
4372
4374
4375
4375
4375
4376
4378
4379
4379
4379
4380
4381
4381
4382
4384
4384
4384
4385
4385
4385
4386
4388
4389
4389
4390
4390
4392
4392
4395
4396
4396
4397
4397
4398
4398
4398
4398
4398
4399
4400
4400
4401
4402
4404
4404
4404
4405
4405
4405
4405
4407
4407
4408
4408
4410
4411
4411
4412
4412
4413
4414
4414
4415
4415
4416
4417
4417
4418
4419
4419
4421
4421
4423
4423
4424
4425
4426
4427
4430
4431
4431
4433
4433
4433
4434
4434
4435
4435
4435
4436
4437
4437
4437
4438
4440
4440
4441
4441
4444
4445
4447
4448
4448
4449
4450
4450
4451
4452
4452
4453
4453
4453
4456
4456
4457
4457
4457
4458
4458
4459
4460
4460
4460
4461
4462
4463
4466
4467
4472
4472
4472
4473
4474
4475
4476
4477
4479
4481
4481
4482
4482
4483
4486
4487
4487
4488
4489
4490
4491
4492
4492
4492
4493
4493
4496
4496
4497
4498
4500
4500
4500
4502
4502
4504
4505
4507
4507
4509
4510
4511
4513
4514
4514
4515
4516
4518
4518
4519
4519
4521
4521
4521
4521
4522
4522
4522
4523
4525
4526
4526
4527
4529
4530
4531
4531
4532
4533
4533
4534
4534
4534
4535
4537
4538
4539
4540
4541
4541
4542
4543
4545
4545
4546
4547
4549
4549
4549
4551
4551
4552
4554
4554
4555
4555
4555
4557
4558
4558
4559
4560
4560
4561
4561
4564
4565
4565
4566
4568
4568
4568
4569
4569
4570
4571
4571
4572
4572
4573
4573
4576
4576
4577
4579
4579
4580
4581
4585
4586
4586
4588
4592
4594
4594
4595
4595
4595
4596
4596
4597
4597
4597
4597
4598
4600
4600
4603
4605
4605
4606
4606
4606
4607
4607
4610
4610
4611
4611
4611
4613
4613
4614
4614
4615
4616
4618
4619
4619
4622
4623
4624
4629
4630
4630
4630
4631
4631
4631
4631
4632
4632
4633
4633
4634
4636
4637
4638
4638
4639
4639
4640
4640
4641
4642
4643
4643
4643
4645
4647
4647
4648
4649
4650
4650
4650
4652
4652
4653
4653
4653
4654
4656
4657
4657
4659
4660
4662
4662
4665
4665
4666
4667
4669
4671
4671
4672
4672
4673
4674
4675
4675
4675
4676
4677
4677
4678
4679
4680
4681
4685
4686
4689
4693
4694
4694
4694
4694
4699
4700
4702
4702
4702
4703
4704
4705
4705
4706
4706
4707
4707
4710
4711
4712
4712
4712
4714
4715
4715
4716
4719
4719
4722
4724
4728
4728
4728
4731
4732
4732
4733
4733
4734
4735
4735
4737
4737
4737
4738
4739
4740
4741
4741
4741
4744
4745
4745
4748
4749
4750
4751
4752
4754
4754
4754
4754
4755
4755
4756
4758
4761
4761
4763
4764
4765
4766
4767
4770
4772
4774
4774
4774
4775
4775
4776
4777
4778
4779
4779
4785
4786
4786
4787
4788
4789
4789
4791
4792
4796
4797
4801
4802
4803
4803
4804
4804
4804
4805
4806
4811
4811
4813
4813
4814
4815
4816
4816
4817
4817
4817
4818
4821
4821
4821
4822
4822
4823
4824
4824
4825
4826
4827
4828
4828
4828
4829
4829
4830
4831
4832
4834
4836
4837
4838
4840
4842
4843
4843
4843
4845
4845
4846
4846
4847
4847
4847
4848
4848
4849
4849
4850
4852
4855
4855
4856
4856
4858
4859
4860
4861
4862
4865
4865
4866
4867
4867
4868
4869
4869
4870
4870
4870
4871
4871
4872
4872
4873
4874
4874
4875
4876
4878
4880
4880
4883
4884
4888
4888
4888
4889
4889
4889
4890
4890
4893
4894
4895
4896
4896
4897
4897
4898
4898
4903
4905
4907
4907
4910
4910
4911
4911
4913
4913
4914
4916
4916
4916
4916
4919
4922
4923
4924
4925
4926
4926
4927
4927
4927
4928
4928
4929
4930
4930
4930
4934
4935
4935
4935
4937
4938
4939
4939
4939
4939
4943
4944
4944
4945
4946
4947
4947
4947
4949
4950
4953
4953
4956
4956
4957
4959
4960
4961
4961
4965
4965
4966
4968
4969
4970
4974
4975
4975
4975
4975
4977
4977
4978
4978
4980
4980
4981
4981
4983
4984
4984
4985
4988
4988
4989
4989
4989
4989
4989
4990
4991
4991
4991
4991
4992
4992
4993
4994
4995
4997
4998
5000
